19
2 2 3 2 4
1 1
3 3
1 4
4 2
2 2 3 2 4
1 1
3 3
1 4
1 2
1 1 1 2 3
2 2
3 4
5 6
1 2 1 3 3
3 3
2 2
1 1
1 1 6 3 6
1 2
1 3
1 4
1 5
131 53
2 2
10 10 8 9 1321
2 4
1 1
1 1
1 1
1 2
1 3
1 4
1 5
1 6
1 7
1 8
45 666
33 342
454 234
123 56
2 3
3 668
2 3
3 5
8 10
90 567
32600 32600
32600 1
56 78
34 56
23 78
98 456
123 456
123 890
10238 34232
5434 13441
1212 4234
1111 2223
4 7
5656 23422
23423 12332
4 2
1 3
4 6543
3 32641
2 4
1 1
1 1
1 1
1 2
1 3
1 4
1 5
1 6
1 7
1 8
45 666
33 342
454 234
123 56
2 3
3 668
2 3
3 5
8 10
90 567
32600 32600
32600 1
56 78
34 56
23 78
98 456
123 456
123 890
10238 34232
5434 13441
1212 4234
1111 2223
4 7
5656 23422
23423 12332
4 2
1 3
4 6543
3 32641
2 4
1 1
1 1
1 1
1 2
1 3
1 4
1 5
1 6
1 7
1 8
45 666
33 342
454 234
123 56
2 3
3 668
2 3
3 5
8 10
90 567
32600 32600
32600 1
56 78
34 56
23 78
98 456
123 456
123 890
10238 34232
5434 13441
1212 4234
1111 2223
4 7
5656 23422
23423 12332
4 2
1 3
4 6543
3 32641
2 4
1 1
1 1
1 1
1 2
1 3
1 4
1 5
1 6
1 7
1 8
45 666
33 342
454 234
123 56
2 3
3 668
2 3
3 5
8 10
90 567
32600 32600
32600 1
56 78
34 56
23 78
98 456
123 456
123 890
10238 34232
5434 13441
1212 4234
1111 2223
4 7
5656 23422
23423 12332
4 2
1 3
4 6543
3 32641
2 4
1 1
1 1
1 1
1 2
1 3
1 4
1 5
1 6
1 7
1 8
45 666
33 342
454 234
123 56
2 3
3 668
2 3
3 5
8 10
90 567
32600 32600
32600 1
56 78
34 56
23 78
98 456
123 456
123 890
10238 34232
5434 13441
1212 4234
1111 2223
4 7
5656 23422
23423 12332
4 2
1 3
4 6543
3 32641
2 4
1 1
1 1
1 1
1 2
1 3
1 4
1 5
1 6
1 7
1 8
45 666
33 342
454 234
123 56
2 3
3 668
2 3
3 5
8 10
90 567
32600 32600
32600 1
56 78
34 56
23 78
98 456
123 456
123 890
10238 34232
5434 13441
1212 4234
1111 2223
4 7
5656 23422
23423 12332
4 2
1 3
4 6543
3 32641
2 4
1 1
1 1
1 1
1 2
1 3
1 4
1 5
1 6
1 7
1 8
45 666
33 342
454 234
123 56
2 3
3 668
2 3
3 5
8 10
90 567
32600 32600
32600 1
56 78
34 56
23 78
98 456
123 456
123 890
10238 34232
5434 13441
1212 4234
1111 2223
4 7
5656 23422
23423 12332
4 2
1 3
4 6543
3 32641
2 4
1 1
1 1
1 1
1 2
1 3
1 4
1 5
1 6
1 7
1 8
45 666
33 342
454 234
123 56
2 3
3 668
2 3
3 5
8 10
90 567
32600 32600
32600 1
56 78
34 56
23 78
98 456
123 456
123 890
10238 34232
5434 13441
1212 4234
1111 2223
4 7
5656 23422
23423 12332
4 2
1 3
4 6543
3 32641
2 4
1 1
1 1
1 1
1 2
1 3
1 4
1 5
1 6
1 7
1 8
45 666
33 342
454 234
123 56
2 3
3 668
2 3
3 5
8 10
90 567
32600 32600
32600 1
56 78
34 56
23 78
98 456
123 456
123 890
10238 34232
5434 13441
1212 4234
1111 2223
4 7
5656 23422
23423 12332
4 2
1 3
4 6543
3 32641
2 4
1 1
1 1
1 1
1 2
1 3
1 4
1 5
1 6
1 7
1 8
45 666
33 342
454 234
123 56
2 3
3 668
2 3
3 5
8 10
90 567
32600 32600
32600 1
56 78
34 56
23 78
98 456
123 456
123 890
10238 34232
5434 13441
1212 4234
1111 2223
4 7
5656 23422
23423 12332
4 2
1 3
4 6543
3 32641
2 4
1 1
1 1
1 1
1 2
1 3
1 4
1 5
1 6
1 7
1 8
45 666
33 342
454 234
123 56
2 3
3 668
2 3
3 5
8 10
90 567
32600 32600
32600 1
56 78
34 56
23 78
98 456
123 456
123 890
10238 34232
5434 13441
1212 4234
1111 2223
4 7
5656 23422
23423 12332
4 2
1 3
4 6543
3 32641
2 4
1 1
1 1
1 1
1 2
1 3
1 4
1 5
1 6
1 7
1 8
45 666
33 342
454 234
123 56
2 3
3 668
2 3
3 5
8 10
90 567
32600 32600
32600 1
56 78
34 56
23 78
98 456
123 456
123 890
10238 34232
5434 13441
1212 4234
1111 2223
4 7
5656 23422
23423 12332
4 2
1 3
4 6543
3 32641
2 4
1 1
1 1
1 1
1 2
1 3
1 4
1 5
1 6
1 7
1 8
45 666
33 342
454 234
123 56
2 3
3 668
2 3
3 5
8 10
90 567
32600 32600
32600 1
56 78
34 56
23 78
98 456
123 456
123 890
10238 34232
5434 13441
1212 4234
1111 2223
4 7
5656 23422
23423 12332
4 2
1 3
4 6543
3 32641
2 4
1 1
1 1
1 1
1 2
1 3
1 4
1 5
1 6
1 7
1 8
45 666
33 342
454 234
123 56
2 3
3 668
2 3
3 5
8 10
90 567
32600 32600
32600 1
56 78
34 56
23 78
98 456
123 456
123 890
10238 34232
5434 13441
1212 4234
1111 2223
4 7
5656 23422
23423 12332
4 2
1 3
4 6543
3 32641
2 4
1 1
1 1
1 1
1 2
1 3
1 4
1 5
1 6
1 7
1 8
45 666
33 342
454 234
123 56
2 3
3 668
2 3
3 5
8 10
90 567
32600 32600
32600 1
56 78
34 56
23 78
98 456
123 456
123 890
10238 34232
5434 13441
1212 4234
1111 2223
4 7
5656 23422
23423 12332
4 2
1 3
4 6543
3 32641
2 4
1 1
1 1
1 1
1 2
1 3
1 4
1 5
1 6
1 7
1 8
45 666
33 342
454 234
123 56
2 3
3 668
2 3
3 5
8 10
90 567
32600 32600
32600 1
56 78
34 56
23 78
98 456
123 456
123 890
10238 34232
5434 13441
1212 4234
1111 2223
4 7
5656 23422
23423 12332
4 2
1 3
4 6543
3 32641
2 4
1 1
1 1
1 1
1 2
1 3
1 4
1 5
1 6
1 7
1 8
45 666
33 342
454 234
123 56
2 3
3 668
2 3
3 5
8 10
90 567
32600 32600
32600 1
56 78
34 56
23 78
98 456
123 456
123 890
10238 34232
5434 13441
1212 4234
1111 2223
4 7
5656 23422
23423 12332
4 2
1 3
4 6543
3 32641
2 4
1 1
1 1
1 1
1 2
1 3
1 4
1 5
1 6
1 7
1 8
45 666
33 342
454 234
123 56
2 3
3 668
2 3
3 5
8 10
90 567
32600 32600
32600 1
56 78
34 56
23 78
98 456
123 456
123 890
10238 34232
5434 13441
1212 4234
1111 2223
4 7
5656 23422
23423 12332
4 2
1 3
4 6543
3 32641
2 3
2 4
1 1
1 1
1 1
1 2
1 3
1 4
1 5
1 6
1 7
1 8
45 666
33 342
454 234
123 56
2 3
3 668
2 3
3 5
8 10
90 567
32600 32600
32600 1
56 78
34 56
23 78
98 456
123 456
123 890
10238 34232
5434 13441
1212 4234
1111 2223
4 7
5656 23422
23423 12332
4 2
1 3
4 6543
3 32641
2 4
1 1
1 1
1 1
1 2
1 3
1 4
1 5
1 6
1 7
1 8
45 666
33 342
454 234
123 56
2 3
3 668
2 3
3 5
8 10
90 567
32600 32600
32600 1
56 78
34 56
23 78
98 456
123 456
123 890
10238 34232
5434 13441
1212 4234
1111 2223
4 7
5656 23422
23423 12332
4 2
1 3
4 6543
3 32641
2 4
1 1
1 1
1 1
1 2
1 3
1 4
1 5
1 6
1 7
1 8
45 666
33 342
454 234
123 56
2 3
3 668
2 3
3 5
8 10
90 567
32600 32600
32600 1
56 78
34 56
23 78
98 456
123 456
123 890
10238 34232
5434 13441
1212 4234
1111 2223
4 7
5656 23422
23423 12332
4 2
1 3
4 6543
3 32641
2 4
1 1
1 1
1 1
1 2
1 3
1 4
1 5
1 6
1 7
1 8
45 666
33 342
454 234
123 56
2 3
3 668
2 3
3 5
8 10
90 567
32600 32600
32600 1
56 78
34 56
23 78
98 456
123 456
123 890
10238 34232
5434 13441
1212 4234
1111 2223
4 7
5656 23422
23423 12332
4 2
1 3
4 6543
3 32641
2 4
1 1
1 1
1 1
1 2
1 3
1 4
1 5
1 6
1 7
1 8
45 666
33 342
454 234
123 56
2 3
3 668
2 3
3 5
8 10
90 567
32600 32600
32600 1
56 78
34 56
23 78
98 456
123 456
123 890
10238 34232
5434 13441
1212 4234
1111 2223
4 7
5656 23422
23423 12332
4 2
1 3
4 6543
3 32641
2 4
1 1
1 1
1 1
1 2
1 3
1 4
1 5
1 6
1 7
1 8
45 666
33 342
454 234
123 56
2 3
3 668
2 3
3 5
8 10
90 567
32600 32600
32600 1
56 78
34 56
23 78
98 456
123 456
123 890
10238 34232
5434 13441
1212 4234
1111 2223
4 7
5656 23422
23423 12332
4 2
1 3
4 6543
3 32641
2 4
1 1
1 1
1 1
1 2
1 3
1 4
1 5
1 6
1 7
1 8
45 666
33 342
454 234
123 56
2 3
3 668
2 3
3 5
8 10
90 567
32600 32600
32600 1
56 78
34 56
23 78
98 456
123 456
123 890
10238 34232
5434 13441
1212 4234
1111 2223
4 7
5656 23422
23423 12332
4 2
1 3
4 6543
3 32641
2 4
1 1
1 1
1 1
1 2
1 3
1 4
1 5
1 6
1 7
1 8
45 666
33 342
454 234
123 56
2 3
3 668
2 3
3 5
8 10
90 567
32600 32600
32600 1
56 78
34 56
23 78
98 456
123 456
123 890
10238 34232
5434 13441
1212 4234
1111 2223
4 7
5656 23422
23423 12332
4 2
1 3
4 6543
3 32641
2 4
1 1
1 1
1 1
1 2
1 3
1 4
1 5
1 6
1 7
1 8
45 666
33 342
454 234
123 56
2 3
3 668
2 3
3 5
8 10
90 567
32600 32600
32600 1
56 78
34 56
23 78
98 456
123 456
123 890
10238 34232
5434 13441
1212 4234
1111 2223
4 7
5656 23422
23423 12332
4 2
1 3
4 6543
3 32641
2 4
1 1
1 1
1 1
1 2
1 3
1 4
1 5
1 6
1 7
1 8
45 666
33 342
454 234
123 56
2 3
3 668
2 3
3 5
8 10
90 567
32600 32600
32600 1
56 78
34 56
23 78
98 456
123 456
123 890
10238 34232
5434 13441
1212 4234
1111 2223
4 7
5656 23422
23423 12332
4 2
1 3
4 6543
3 32641
2 4
1 1
1 1
1 1
1 2
1 3
1 4
1 5
1 6
1 7
1 8
45 666
33 342
454 234
123 56
2 3
3 668
2 3
3 5
8 10
90 567
32600 32600
32600 1
56 78
34 56
23 78
98 456
123 456
123 890
10238 34232
5434 13441
1212 4234
1111 2223
4 7
5656 23422
23423 12332
4 2
1 3
4 6543
3 32641
2 4
1 1
1 1
1 1
1 2
1 3
1 4
1 5
1 6
1 7
1 8
45 666
33 342
454 234
123 56
2 3
3 668
2 3
3 5
8 10
90 567
32600 32600
32600 1
56 78
34 56
23 78
98 456
123 456
123 890
10238 34232
5434 13441
1212 4234
1111 2223
4 7
5656 23422
23423 12332
4 2
1 3
4 6543
3 32641
2 4
1 1
1 1
1 1
1 2
1 3
1 4
1 5
1 6
1 7
1 8
45 666
33 342
454 234
123 56
2 3
3 668
2 3
3 5
8 10
90 567
32600 32600
32600 1
56 78
34 56
23 78
98 456
123 456
123 890
10238 34232
5434 13441
1212 4234
1111 2223
4 7
5656 23422
23423 12332
4 2
1 3
4 6543
3 32641
2 4
1 1
1 1
1 1
1 2
1 3
1 4
1 5
1 6
1 7
1 8
45 666
33 342
454 234
123 56
2 3
3 668
2 3
3 5
8 10
90 567
32600 32600
32600 1
56 78
34 56
23 78
98 456
123 456
123 890
10238 34232
5434 13441
1212 4234
1111 2223
4 7
5656 23422
23423 12332
4 2
1 3
4 6543
3 32641
2 4
1 1
1 1
1 1
1 2
1 3
1 4
1 5
1 6
1 7
1 8
45 666
33 342
454 234
123 56
2 3
3 668
2 3
3 5
8 10
90 567
32600 32600
32600 1
56 78
34 56
23 78
98 456
123 456
123 890
10238 34232
5434 13441
1212 4234
1111 2223
4 7
5656 23422
23423 12332
4 2
1 3
4 6543
3 32641
200 200 250 230 1000
38 158
113 115
51 27
10 19
12 86
149 167
84 60
25 143
89 183
137 166
166 178
95 111
167 54
31 145
82 136
124 105
194 102
51 67
154 53
161 96
28 188
85 143
167 6
165 3
162 34
153 120
44 3
162 118
22 127
57 145
79 183
151 94
70 59
48 157
29 106
6 190
138 116
14 62
116 25
181 134
143 22
33 136
160 179
71 1
136 61
160 5
129 44
75 93
114 139
88 121
2 171
34 117
182 15
186 53
106 174
51 48
73 34
193 110
148 10
120 49
156 162
166 197
193 110
191 199
126 105
85 182
10 0
52 165
120 180
39 4
185 75
125 65
14 71
176 97
143 97
19 87
123 149
65 56
173 101
13 157
99 67
13 198
126 111
46 166
136 188
78 26
73 187
171 17
152 188
191 83
122 144
128 185
163 159
41 176
175 178
163 85
144 89
113 111
61 26
45 96
103 70
70 129
99 100
7 8
125 57
142 74
131 22
152 24
94 15
47 76
78 165
146 176
92 51
88 163
31 33
132 106
11 74
48 144
189 174
191 189
95 135
164 40
92 35
179 92
50 190
195 68
131 189
81 102
170 186
171 80
61 187
129 190
46 33
108 63
81 1
99 186
14 29
122 107
28 192
105 190
129 75
29 191
188 42
33 175
119 142
194 192
109 113
77 82
111 195
74 69
150 79
189 134
152 164
80 29
35 132
145 156
43 79
188 7
179 157
114 187
140 22
149 9
9 33
96 32
199 63
169 76
77 101
91 40
103 115
29 20
17 64
124 143
62 129
146 43
167 125
83 34
122 42
195 12
64 110
185 126
188 85
178 50
76 165
126 193
81 11
58 49
47 131
50 174
180 33
68 178
24 115
45 92
8 139
85 2
18 134
58 62
184 101
84 89
141 102
53 58
128 163
87 52
35 109
75 155
75 88
53 157
158 22
88 145
94 0
171 105
151 1
8 14
177 65
169 15
30 177
49 137
99 99
131 117
167 79
166 197
85 141
27 149
185 15
76 153
36 130
68 10
119 8
142 199
49 46
38 141
81 126
138 47
147 100
39 196
66 185
171 156
33 89
151 112
26 157
56 52
10 184
153 29
179 82
82 177
168 102
102 12
165 179
56 44
70 165
19 65
93 41
84 159
0 11
144 135
104 120
189 121
113 171
169 170
194 87
93 117
188 40
95 90
59 106
186 97
62 143
47 92
46 162
79 184
152 44
95 98
114 137
146 82
64 146
22 65
68 192
190 161
159 117
154 104
145 147
25 180
138 65
90 141
199 97
77 110
147 67
116 73
163 47
17 165
71 85
46 137
41 61
70 166
79 45
7 38
113 101
116 14
98 52
117 164
126 65
45 32
96 185
55 92
88 155
167 12
30 117
42 172
193 28
5 60
38 46
182 172
154 177
85 159
134 103
159 145
45 47
1 183
167 181
87 147
2 164
111 37
93 17
137 113
141 128
19 18
116 2
70 42
68 45
2 86
159 74
146 19
43 197
70 108
48 127
85 22
90 83
143 1
101 82
124 95
76 198
111 122
111 9
159 112
159 148
83 77
171 134
131 124
177 35
63 61
51 144
184 93
175 119
72 41
149 191
163 184
158 41
66 163
144 10
35 6
68 60
162 123
164 107
173 83
13 16
34 171
41 103
154 128
17 48
18 131
21 9
69 98
155 62
44 109
160 174
144 139
10 189
149 120
81 64
22 47
121 28
152 78
73 29
89 159
152 79
117 160
189 183
195 87
139 135
188 103
158 12
167 153
168 47
68 11
154 29
95 193
108 160
169 62
123 129
149 105
149 124
184 24
13 81
189 157
87 132
155 99
90 60
111 183
104 12
161 182
8 11
168 194
86 171
44 84
55 27
160 48
86 126
11 131
45 152
27 110
149 28
48 159
68 167
50 188
146 129
10 191
185 137
152 176
175 85
122 141
157 100
8 26
13 101
80 161
190 100
116 168
79 199
149 157
21 4
117 90
28 112
16 112
151 15
153 164
0 64
59 12
6 44
110 177
17 194
141 106
39 107
193 20
36 54
88 3
3 188
115 199
24 8
90 55
193 110
72 38
87 97
126 48
97 2
49 155
91 20
67 166
8 48
162 42
52 40
10 26
88 158
170 156
13 34
193 141
87 166
112 174
6 18
173 113
182 70
2 114
97 131
105 53
1 8
118 138
64 166
170 123
107 2
179 26
179 6
165 139
33 14
199 5
28 186
29 143
37 97
177 164
140 8
152 118
11 93
190 140
46 15
73 4
45 25
62 199
42 74
190 87
16 166
62 89
65 66
73 185
158 146
13 10
197 171
120 91
84 95
105 136
48 99
71 54
76 19
74 156
66 192
3 34
179 191
156 114
166 90
63 65
161 2
112 180
11 171
97 10
190 53
17 174
85 67
60 169
193 158
32 177
116 112
85 76
17 104
138 58
153 88
168 181
55 96
39 66
70 96
154 189
88 95
12 198
85 71
151 53
85 69
184 62
30 121
28 181
116 74
56 192
20 30
75 175
135 180
157 148
31 35
108 186
90 62
139 40
41 158
137 18
55 93
73 107
50 108
7 93
52 52
126 180
198 84
113 133
17 159
192 34
156 107
191 67
164 50
109 27
23 16
121 56
31 161
140 0
127 95
143 100
119 142
91 45
191 49
130 81
173 17
33 92
79 104
178 174
135 169
35 81
169 30
24 31
198 182
25 53
46 141
36 33
103 97
192 37
176 197
150 57
132 24
0 82
7 19
62 92
114 85
21 113
126 87
142 150
26 22
160 106
133 36
69 166
75 125
69 99
31 33
44 174
108 7
76 156
116 108
115 150
101 110
170 26
110 76
91 167
109 129
144 127
86 140
35 82
131 113
89 30
46 61
133 120
175 35
174 25
126 66
120 18
120 43
83 53
10 84
126 9
30 134
74 171
72 13
110 36
55 101
85 191
44 55
49 95
156 166
6 131
190 85
110 9
147 101
24 187
152 71
56 75
157 85
173 192
35 185
117 166
151 50
185 39
121 90
103 107
35 112
11 169
2 62
165 179
150 51
121 106
170 94
33 183
186 119
66 132
119 149
89 182
148 135
148 116
45 171
24 4
149 96
126 194
28 60
108 160
50 109
197 123
135 144
88 51
30 187
137 97
44 3
10 70
61 116
31 63
25 12
84 82
88 63
87 160
139 176
13 160
190 148
5 7
23 150
38 113
191 26
2 13
99 10
143 60
25 106
186 144
139 21
170 109
134 75
157 105
143 41
165 130
2 119
33 84
82 39
75 7
95 187
108 138
147 139
130 57
171 33
28 120
37 77
115 165
22 79
33 134
57 56
31 64
6 95
192 75
64 172
38 150
21 78
64 118
20 22
160 78
176 144
38 37
110 60
167 2
144 136
3 8
31 20
57 65
179 163
163 60
98 180
17 70
73 188
78 194
126 57
4 177
145 71
128 40
150 83
86 19
12 65
59 45
27 101
4 45
183 99
153 79
111 128
177 135
140 125
85 134
73 182
44 123
71 63
2 64
126 193
47 58
163 95
184 126
172 36
144 91
140 160
68 164
7 47
33 90
68 144
54 130
14 101
145 124
33 151
131 39
108 175
171 197
115 12
27 123
2 128
164 69
89 122
10 106
26 1
47 21
123 157
49 103
68 117
83 36
199 24
84 52
74 44
25 134
86 184
35 36
125 82
33 17
126 144
12 91
80 95
60 192
64 189
61 195
194 167
49 83
161 113
124 151
71 153
58 99
139 162
49 89
54 137
62 88
140 138
137 62
90 96
128 77
67 119
19 110
195 25
148 73
32 74
45 7
187 53
166 6
99 82
77 66
140 166
149 139
33 65
42 187
143 5
50 91
133 43
107 114
68 134
164 118
178 76
172 190
15 96
189 173
140 169
55 143
70 144
100 40
103 172
87 97
167 61
11 26
148 106
12 30
94 132
160 41
57 111
28 155
185 139
118 65
64 158
14 23
175 79
35 0
133 123
23 146
98 169
106 50
26 76
184 106
18 163
17 76
180 81
163 189
67 69
154 154
157 74
187 36
20 148
92 75
163 167
67 148
40 168
177 106
62 64
196 118
159 3
191 30
147 13
26 101
36 143
113 88
165 124
166 69
110 95
117 193
121 136
67 144
137 130
46 180
80 6
195 65
109 166
89 54
15 80
97 164
172 152
90 91
184 101
142 169
158 199
7 130
56 149
199 103
38 32
49 102
152 151
19 77
196 129
128 78
158 77
184 104
59 89
198 99
68 148
36 178
11 172
169 30
38 38
38 47
166 82
172 178
46 170
69 104
125 6
76 36
10 113
158 146
122 177
157 152
59 57
0 94
189 63
60 189
197 92
89 129
177 22
109 54
115 80
113 196
166 44
77 9
26 182
91 171
55 113
6 106
187 109
146 111
52 119
16 39
12 46
152 29
39 167
4 123
198 120
78 23
33 60
58 118
14 100
81 153
60 192
26 121
6 199
153 11
32 156
21 156
187 189
26 83
121 58
115 50
127 178
61 82
141 38
124 129
2 2 4 4 2
1 1
1 2
1 1 5 1 3
9 35
20 1
1 33
3 4 4 4 1
12 8
10 10 10 20 5
1 1
20 20
10 30
10 1
10 40
10 10 20 10 5
1 1
20 20
30 10
1 10
40 10
1 1 16000 16000 4
32760 32759
32760 32761
32759 32760
32761 32760
300 100 30 10 3
3 1
3000 1000
30000 10000
300 100 30 10 2
3000 1000
30000 10000
5 5 10 5 1
1 5
10 5 5 5 1
20 5
5 5 5 10 1
5 1
5 5 10 5 1
5 20
1 1 2 2 1
3 3
Last set should not be processed
